<?xml version="1.0" encoding="UTF-8"?>
  <root version="15" oct="PRTG Network Monitor 17.2.31.1917 x64" saved="5/12/2017 4:36:26 PM" max="184692" guid="{****}" treeversion="0" created="2009-10-02-19-22-11" trial="*****">
    <statistics time="12-05-2017 16:09:19">
      <statistic name="Reports Generated">
        0,0,0,0,0,0,0,0,0,0,0,0,0,0,0,0,0,0,0,0,0,0,0,0,0,0,0,0,0,0,0,0,0,0,0,0,0,0,0,0,0,0,0,4,0,0,0,0,0,0,4,0,0,0,2,0,0,4,0,0,0,0,0,0,4,8,0,0,0,0,0,4,0,0,0,0,0,0,4,0,0,0,0,0,0,6,0,0,0,0,0,0,4,0,0,0,0,0,0,4,0,0,0,0,0,0,4,0,0,0,0,0,0,4,0,0,2,0,0,0,4,1,0,0,0,0,0,4,0,0,0,0,0,0,4,0,2,0,0,0,0,4,0,0,0,0,2,0,4,0,0,0,0,0,0,4,0,0,0,0,0,0,4,0,0,0,0,0,0,4,0,0,0,0,0,0,4,2,0,0,0,0,0,4,0,0,0,0,0,0,4,0,0,0,0,0,0,4,0,0,0,0,0,0,4,0,0,2,0,0,0,4,0,0,0,0,0,0,4,0,0,0,0,0,0,4,0,0,0,0,0,0,4,0,0,0,0,0,2,5,0,0,0,0,0,0,4,0,0,0,0,0,0,4,0,0,0,0,0,0,4,0,0,0,0,0,0,4,0,2,0,0,0,0,4,0,0,0,0,0,0,4,0,0,0,0,0,0,4,0,0,0,0,0,0,4,0,2,0,0,0,0,5,0,0,0,0,0,0,5,1,1,0,1,1,1,3,1,1,1,1,1,1,3,1,1,1,1,3,1,3,1,1,1,2,1,1,3,1,1,1,1,1,1,3,1,1,1,1,1,1,3,1,1,1,1,1,1,5,1,1,1,1,1,1,3,1,1,1,1
      </statistic>
      <statistic name="Reports">
        0,0,0,0,0,0,0,0,0,0,0,0,0,0,0,0,0,0,0,0,0,0,0,0,0,0,0,0,0,0,0,0,0,0,0,0,0,0,0,0,30,30,30,30,30,30,30,30,30,30,30,30,30,30,30,30,30,30,30,30,30,30,30,30,30,31,31,31,31,31,31,31,31,31,31,31,31,31,31,31,31,31,31,31,31,31,31,31,31,31,31,31,31,31,31,31,31,31,31,31,31,31,31,31,31,31,31,31,31,31,31,31,31,31,31,31,31,31,31,31,31,31,31,31,31,31,31,31,31,31,31,31,31,31,31,31,31,31,31,31,31,31,31,31,31,31,31,31,31,31,31,31,31,31,31,31,31,31,31,31,31,31,31,31,31,31,31,31,31,31,31,31,31,31,31,31,31,31,31,31,31,31,31,31,31,31,31,31,31,31,31,31,31,31,31,31,31,31,31,31,31,31,31,31,31,31,31,31,31,31,31,31,31,31,31,31,31,31,31,31,31,31,31,31,31,31,31,31,31,31,31,31,31,31,31,31,31,31,31,32,32,32,32,32,32,32,32,32,32,32,32,32,32,32,32,32,32,32,32,32,32,32,32,32,32,32,32,32,32,32,32,32,32,32,32,32,32,32,32,32,32,32,32,32,32,32,32,32,32,32,32,32,32,32,32,32,32,32,32,32,32,32,30,30,30,30,30,30,30,30,30,30,30,30,30,30,30,30,30,30,30,30,30,30,30,30,30,30,30,30,30,30,30,30,31,31,31,31,31,31,31,31,31,31,31,31,31,31,31,31,31,31,31,31,31,31,31,31,31,31,31,31,31,31,31,31,31,31,31,31
      </statistic>
      <statistic name="Sensor Scans">
        0,0,0,0,0,0,0,0,0,0,0,0,0,0,0,0,0,0,0,0,0,0,0,0,0,0,0,0,0,0,0,0,0,0,0,0,0,0,0,0,5706492,10291842,10236297,9860721,10276020,10376560,10333173,10309950,10310383,9810749,10108665,10076577,10126014,10312201,9845572,10285064,10326490,10272659,10280884,9884449,10278641,10287771,10285725,10292631,9856773,11352780,11356243,11365727,11364734,10926759,11287936,11426421,11494415,11432326,10890287,11370016,11466773,11352672,11402979,10924136,11396617,11432694,11453375,11436188,11020870,11465728,11547352,11492778,11443700,10954301,11422358,11376619,11406750,11415620,11024547,11791756,12963480,12938536,12937580,12419890,12979881,12946645,12919486,12848884,12408549,12889543,12923626,12901928,12445375,12862416,12900134,12789679,12826949,12767485,12238313,12828437,12830211,12827059,12245519,12772488,12742466,12787018,12792848,12237251,12773560,12772892,12756427,12784022,12227594,12759337,12780983,12812702,12789908,12269560,12817049,12835069,12824863,12849373,12310072,12826563,12832686,12868297,12806787,12309366,12823687,12862508,12849399,12293331,12851649,12814707,12831344,12897416,12278546,12796832,12766666,12774862,12790744,12175286,12648352,12713689,12859367,12808173,12293056,12548496,12681078,12686802,12684891,12198157,12694368,12591964,12139438,12041767,11384495,11656820,11631737,11566160,11707948,11269307,11757599,11770433,10908298,11752385,11709851,11664051,11253659,11614355,11780349,11320824,11768759,11763822,11866607,11527283,12052182,11960163,11946553,11893759,11404832,11885280,11940135,11963538,11942958,11440133,11916608,11907577,11905623,11924626,11372656,11547966,11869055,11921850,11904754,11473102,11404331,11945637,11882032,11895053,11424745,11886246,11927608,11920510,11249397,11751922,11766042,11737342,11657088,11222106,11700070,11730229,11734402,11770972,11725564,11234379,11747539,11749050,10748133,11750527,11723299,11231777,11756899,11710439,11728898,11257367,11724522,11723196,11756490,11691336,11208042,11632288,11622232,11652143,11447579,11635051,11651268,11160098,10746452,11712960,11743938,10932027,11795999,11289310,11774140,11939169,11963269,11443184,12158745,11399759,11934206,12031623,11871620,12000800,11170208,11662408,11663640,11624582,11643430,11187996,11602206,11613491,11596282,11603109,11131048,11596582,11607465,11443733,11898537,12314222,11816426,12349921,11679428,12323591,12410860,12287355,11962430,12347663,12333044,11842512,12399944,12358162,12442473,11959031,12429862,12459890,12432248,12460837,12488220,10986518,12448878,12316806,12406821,12392504,11933051,12469919,12005806,12292990,11981217,12546142,12462777,12004527,11294972,10873881,11004673,11350534,11800442,12212320,12753617,12681937,12610229,11584963,11125798,11578788,11573038,11637335,11637590,11141268,11565940,11560856,11546475,11569092,11018989,11563524,11431261,10821124,10370427,10796539,10835276,10826058,10795736,10842013,10381248,10756048,10520888,10635502,10407139,11352673,11476278,11893933,11883614,11433769,11915897,11815348,8271578,11057546,11083022,11519718,11525997,11013880,11478694,11493702,11429944,7647460
      </statistic>
      <statistic name="State Changes">
        0,0,0,0,0,0,0,0,0,0,0,0,0,0,0,0,0,0,0,0,0,0,0,0,0,0,0,0,0,0,0,0,0,0,0,0,0,0,0,0,60674,3724,2605,4659,19499,10241,13683,6244,7001,6565,8858,5009,6814,11634,4893,4263,10854,4912,7067,4096,5563,9743,2377,2479,3285,8550,9871,5475,4393,4123,2712,13820,5700,6573,3924,2978,10123,2050,3727,4614,4297,11336,2937,2947,10799,11748,8532,7052,4325,4513,2853,2672,7979,6576,14444,5046,8854,4456,1269,11840,6788,7785,5660,4105,5024,4468,7802,3453,85519,5508,9618,1725,14678,10657,12685,36848,42455,3687,2470,2067,4259,7389,2686,3346,4884,3092,3552,13858,4809,6017,8144,6765,3348,4400,4121,19093,9875,3912,14028,5311,4250,18263,3066,8992,3577,3878,24103,2455,4941,4365,5999,61154,7428,2912,4566,6210,14070,5046,5484,57264,2592,2320,6425,6131,2974,4975,3141,8912,26159,7190,19104,5187,3858,15953,2522,6713,11456,15372,5457,4701,7939,2397,3294,7158,38029,4159,12726,11613,1909,2122,39286,51841,4281,5625,2960,7984,2232,3209,32099,14092,2380,4206,2208,2464,3859,4757,7911,39397,25305,3215,16834,11862,17060,5985,4632,3489,6835,2837,15831,5721,8383,23079,4884,7842,16729,4397,23841,5215,4734,6281,2384,3170,5826,3116,10543,26004,2660,2027,44861,11183,14453,6514,4271,5464,3619,3779,4442,5080,6027,5230,11863,4589,4415,2882,19321,6400,3205,16145,4354,2686,6673,17528,6210,7412,5892,2549,2735,10489,5947,49886,5829,5038,2424,2778,3630,9360,3818,5566,5864,3272,3533,7057,4025,16031,48489,53736,3922,7958,8032,3803,43610,5469,60790,2655,3465,4002,4982,26568,5190,12048,2793,3423,13127,4557,5069,11838,22200,4715,5084,10156,5151,14365,64562,37072,3579,6307,13650,22871,7132,36654,56759,2624,20840,12980,12270,7625,8718,5175,5019,35214,25101,26535,27605,17765,9958,3519,4075,50224,5074,5847,11911,3660,2815,2854,5350,6017,3297,17685,3930,33795,74384,73906,94434,167986,190029,79756,43420,41723,81249,32305,27822,5088,11168,6773,5171,5417,6905,3827,13772,2201
      </statistic>
      <statistic name="Maps">
        0,0,0,0,0,0,0,0,0,0,0,0,0,0,0,0,0,0,0,0,0,0,0,0,0,0,0,0,0,0,0,0,0,0,0,0,0,0,0,0,41,41,41,41,41,41,41,41,41,41,41,41,41,41,41,41,41,41,41,41,41,41,41,41,41,41,41,41,41,41,41,41,41,41,41,41,41,41,41,41,41,41,41,41,41,41,41,41,41,41,41,41,41,41,41,41,41,41,41,41,41,41,41,41,41,41,41,41,41,41,41,41,41,41,41,41,41,41,41,41,41,41,41,41,41,41,41,41,41,41,41,41,41,41,41,41,41,41,41,41,41,41,41,41,41,41,41,41,41,41,41,41,41,41,41,41,41,41,41,41,41,41,41,41,41,41,41,41,41,41,41,41,41,41,41,41,41,41,41,41,41,41,41,41,41,41,41,41,41,41,41,41,41,41,41,41,41,41,41,41,41,41,41,41,41,41,41,42,42,42,42,42,42,42,42,42,42,42,42,42,42,42,42,42,42,42,42,42,42,42,42,42,42,42,42,42,42,42,42,42,42,42,42,42,42,42,42,42,42,42,42,42,42,42,42,42,42,42,42,42,42,42,44,44,44,44,44,44,44,44,44,44,44,44,44,44,44,44,44,44,44,44,44,48,48,48,48,48,48,48,48,48,48,48,48,48,48,48,48,48,48,48,48,48,48,48,48,48,48,48,48,49,49,49,49,49,49,49,49,49,49,49,49,49,49,49,49,49,49,49,49,49,49,49,49,49,49,49,49,49,49,49,49,49,49,50,50,50,50,50,50,50,50,50,50,50,50,50,50,50,50,50,50,50,50,50,50,50,50,50
      </statistic>
      <statistic name="Page Views">
        0,0,0,0,0,0,0,0,0,0,0,0,0,0,0,0,0,0,0,0,0,0,0,0,0,0,0,0,0,0,0,0,0,0,0,0,0,0,0,0,1186,901,376,1044,1866,1232,1033,868,490,661,975,1078,1175,1009,689,609,393,788,1278,1795,1073,1089,457,325,715,1144,1026,819,781,414,428,1024,965,1336,770,775,504,435,868,849,968,844,742,537,461,930,617,836,976,819,630,588,871,1169,1205,1142,935,721,403,833,680,914,917,1067,531,420,821,902,999,905,1160,648,731,918,874,1034,773,879,557,537,752,789,1234,904,957,733,718,1039,664,990,872,1035,1032,670,851,1047,1534,697,1348,873,571,1184,800,785,802,989,608,343,903,663,879,1195,683,555,346,1400,1261,982,700,1045,512,327,925,947,836,1183,1034,543,594,1688,974,1031,802,1192,732,481,1102,1393,1207,1053,1369,717,513,893,1381,1028,1469,1196,536,463,1425,1588,1243,1140,880,565,590,1069,1006,1194,752,696,627,519,1414,1686,1237,1131,1183,516,434,1036,1278,1548,1249,1340,785,462,1372,1131,1216,1097,669,804,529,1050,1062,1063,1377,817,540,419,833,1027,1346,1108,690,482,511,778,997,818,925,849,570,437,844,1055,902,764,1204,763,608,881,1049,796,823,1128,515,463,955,1020,1319,780,940,383,488,947,1127,1332,850,975,714,435,853,1040,831,954,788,452,530,1141,1183,1014,1404,1475,687,502,1290,1159,1325,1163,1497,569,476,2525,2398,1762,961,970,510,493,1515,2321,2406,1503,1034,1245,1430,2085,2039,1127,1329,1080,589,555,1868,1150,2583,2897,2028,1236,1192,871,815,908,836,983,555,714,1232,1354,1121,1079,1124,487,544,1253,1010,953,1224,874,479,450,1273,934,1191,1164,996,545,778,1434,1566,1466,1316,1471,662,426,1296,1276,994,1054,1100,466,405,858,942,1078,1180,644
      </statistic>
      <statistic name="Devices">
        0,0,0,0,0,0,0,0,0,0,0,0,0,0,0,0,0,0,0,0,0,0,0,0,0,0,0,0,0,0,0,0,0,0,0,0,0,0,0,0,2590,2590,2590,2591,2478,2478,2475,2475,2475,2475,2474,2472,2478,2466,2466,2466,2466,2466,2467,2466,2466,2466,2466,2466,2466,2452,2451,2451,2452,2452,2452,2452,2452,2445,2447,2447,2447,2447,2447,2447,2447,2446,2446,2446,2446,2446,2451,2450,2449,2447,2443,2443,2437,2438,2438,2439,2437,2437,2437,2436,2436,2435,2432,2430,2430,2430,2430,2430,2428,2424,2423,2423,2422,2422,2425,2425,2425,2425,2425,2425,2423,2421,2423,2423,2420,2420,2420,2420,2422,2422,2422,2423,2423,2423,2425,2424,2426,2427,2427,2427,2427,2427,2427,2426,2428,2427,2427,2427,2427,2427,2426,2426,2426,2426,2426,2424,2423,2420,2420,2420,2420,2420,2419,2419,2418,2421,2421,2421,2421,2422,2422,2414,2416,2415,2415,2415,2411,2411,2410,2409,2406,2406,2406,2405,2406,2407,2412,2412,2412,2412,2438,2437,2434,2433,2434,2434,2434,2433,2432,2432,2432,2432,2432,2432,2427,2427,2427,2427,2426,2425,2425,2427,2428,2430,2428,2463,2463,2463,2451,2395,2401,2408,2404,2403,2403,2405,2406,2406,2416,2416,2416,2416,2416,2416,2416,2406,2405,2405,2405,2405,2402,2403,2404,2404,2404,2404,2378,2378,2377,2377,2378,2378,2377,2377,2377,2378,2378,2378,2378,2378,2374,2373,2368,2368,2368,2367,2367,2366,2367,2366,2363,2362,2362,2362,2362,2361,2361,2361,2361,2361,2361,2360,2371,2370,2370,2368,2368,2368,2369,2369,2368,2366,2427,2427,2427,2652,2838,2850,2849,2850,2850,2850,2898,3098,3303,3306,3306,3505,3579,3903,3903,3898,3897,3897,3897,3897,4190,4190,4451,4823,5010,5010,5003,5003,5001,5001,5001,5001,5001,5001,5001,5000,5002,4982,4984,4984,4984,4931,4922,4865,4790,4790,4790,4790,4742,4740,4739,4737,4737,4737,4737,4737,4744,4745,4745,4742,4742,4742,4734,4738,4739,4738,4740,4740,4740,4739,4739,4757,4757,4757
      </statistic>
      <statistic name="Sensors">
        0,0,0,0,0,0,0,0,0,0,0,0,0,0,0,0,0,0,0,0,0,0,0,0,0,0,0,0,0,0,0,0,0,0,0,0,0,0,0,0,20311,20313,20313,20337,20137,20070,20064,20106,20106,20106,20141,20141,20164,20161,20163,20160,20160,20159,20164,20153,20164,20166,20166,20166,20177,19662,19659,19758,19776,19776,19776,20157,20156,19881,19869,19871,19871,19869,19883,19878,19908,19906,19901,19901,19900,19911,19928,19917,19892,19875,19825,19825,19807,19895,19896,19897,19889,19889,19889,19892,19889,19882,19867,19852,19852,19852,19850,19850,19767,19764,19752,19752,19729,19756,19769,19703,19707,19706,19706,19706,19706,19702,19705,19706,19643,19643,19643,19636,19647,19648,19649,19700,19696,19698,19705,19698,19745,19724,19724,19724,19722,19744,19744,19719,19725,19723,19721,19721,19739,19730,19723,19732,19733,19733,19733,19709,19689,19608,19608,19755,19754,19754,19730,19606,19605,19648,19635,19635,19670,18822,18760,18302,18325,17997,17997,17997,18022,18016,18015,18013,18063,18037,18036,18027,18014,18125,18125,18119,18119,18119,18326,18320,18306,18296,18299,18298,18295,18291,18255,18181,18180,18180,18180,18180,18192,18194,18193,18195,18184,18183,18182,18206,18208,18375,18372,18407,18407,18407,18397,18266,18230,18590,18223,18222,18211,18233,18235,18224,18266,18266,18265,18265,18279,18278,18275,18261,18256,18256,18256,18266,18247,18238,18234,18237,18236,18236,18035,18053,18052,18052,18051,18041,18030,18037,18437,18438,18431,18430,18430,18430,18425,18501,18499,18499,18502,18496,18496,18502,18495,18146,18139,18137,18119,18119,18120,18055,18058,18058,18058,18058,18058,18061,18081,18412,19605,20385,20388,20388,20393,20393,20387,20373,20436,20436,20436,20637,20848,20847,20843,20842,20842,20842,20905,21108,21196,21252,21268,21376,21542,21622,21896,21855,21853,21856,21856,21856,21955,21976,22153,22408,22580,22816,22925,22935,22916,22919,22920,22920,22920,22920,22918,22734,22763,22743,22780,22772,22772,22638,22567,22515,20416,20415,20414,20414,20368,20364,20445,20440,20433,20433,20295,20528,20759,22943,24004,23293,23283,23270,23098,22921,22932,22931,22919,22904,22902,22889,22888,22907,22957,22959
      </statistic>
      <statistic name="Notifications Sent">
        0,0,0,0,0,0,0,0,0,0,0,0,0,0,0,0,0,0,0,0,0,0,0,0,0,0,0,0,0,0,0,0,0,0,0,0,0,0,0,0,655,906,866,673,878,903,1840,980,527,604,986,836,947,1113,670,737,2140,1089,1709,1152,1012,1280,722,790,746,1218,1174,1347,957,882,791,1518,1141,1165,612,589,2097,550,1180,1129,818,1386,647,622,1554,1287,1015,1804,1030,983,558,672,1007,1425,1834,900,2059,1185,262,1831,980,964,1177,1657,972,698,1581,826,4318,1128,3963,689,2174,1943,1496,1087,1152,1060,513,514,866,1061,958,1087,1023,644,626,1674,1056,1414,1377,1399,809,789,879,2120,1773,827,4140,1103,857,1866,667,1018,888,1123,1351,620,1054,1134,1013,6548,1200,560,895,880,1380,1456,1383,25590,786,586,809,1010,876,1784,720,439,34630,1289,2379,1261,791,3214,866,996,2386,1517,1685,1215,1650,981,885,755,16999,768,1422,1329,612,895,1883,4591,1397,1510,848,1759,931,1359,18508,6909,6067,6006,6221,6837,6790,7295,6612,6672,1575,1099,3983,2681,3093,967,739,1144,1672,1100,2028,996,1352,1785,1418,1090,1566,1023,1334,1254,790,1516,804,1307,3147,1269,1678,3550,847,520,1234,990,3152,1894,1031,1359,1007,833,1041,2438,1584,1504,1467,1720,2512,1031,1730,1645,957,1597,956,932,1164,1693,1086,1159,1048,888,987,1318,1071,6641,997,1301,737,630,1116,2969,1100,967,1566,849,952,1042,1246,973,1199,6169,890,2584,909,1196,2071,1458,5221,820,1499,925,1350,2457,1511,2697,716,1222,1586,1172,1523,1227,3087,804,1350,1654,1623,1726,11288,2469,903,1032,2062,1770,1311,2180,3709,568,2570,1545,2529,2203,1626,1817,1135,8385,2967,3094,2800,2874,2396,840,1450,2019,1907,1264,2325,1382,955,836,1242,1761,812,7517,879,2047,1292,1201,1815,3562,2676,3890,2848,1927,6785,1933,2409,765,1868,1782,821,1132,1600,840,2529,626
      </statistic>
    </statistics>
    <geomapstatistics>
      <geostat day="12-05-2017">
        <geompV2>
          95
        </geompV2>
        <geomcV2>
          2421
        </geomcV2>
      </geostat>
      <geostat day="11-05-2017">
        <geompV2>
          288
        </geompV2>
        <geomcV2>
          3778
        </geomcV2>
      </geostat>
    </geomapstatistics>
    <basenode id="-1000">
      <data>
        <active>
          1
        </active>
        <fixed>
          1
        </fixed>
        <name>
          System
        </name>
        <ownerid>
          0
        </ownerid>
        <position>
          *****
        </position>
        <treestate>
          2
        </treestate>
      </data>
      <history/>
      <nodes>
        <group id="0">
          <trigger>
            <state id="1">
              <data>
                <esclatency>
                  <flags>
                    <empty/>
                  </flags>
                  <cell>
                    600
                  </cell>
                </esclatency>
                <escnotificationid>
                  <cell col="0">
                    2948
                  </cell>
                  <cell col="1">
                    *****
                  </cell>
                </escnotificationid>
                <latency>

<host>
10.0.0.0
</host>
<name>
This is a Business
</name>
